24
3
400 400 400 
40 40 40 
3
400 400 400 
40 40 40 
3
400 400 400 
40 40 40 
3
400 400 400 
40 40 40 
3
400 400 400 
40 40 40 
3
400 400 400 
40 40 40 
3
400 400 400 
40 40 40 
3
430 210 30 
40 40 40 
3
400 400 400 
40 40 40 
3
400 400 400 
40 40 40 
3
400 400 400 
40 40 40 
3
400 400 400 
40 40 40 
3
400 400 400 
40 40 40 
3
400 400 400 
40 40 40 
3
400 400 400 
40 40 40 
3
400 400 400 
40 40 40 
3
400 400 400 
40 40 40 
3
400 400 400 
40 40 40 
3
400 400 400 
40 40 40 
3
400 400 400 
40 40 40 
3
400 400 400 
40 40 40 
3
400 400 400 
40 40 40 
3
400 400 400 
40 40 40 
3
400 400 400 
40 40 40 
